


                                                                                                          
                                                                           Table 2D: U.S. Long-Term Securities Held by Foreign Residents
                                                                                                Millions of dollars


                                                   2022         2022         2022         2022         2022         2022         2022         2022         2022         2022         2022         2022         2023
                                                    Jan          Feb          Mar          Apr          May          Jun          Jul          Aug          Sep          Oct          Nov          Dec          Jan

Total                                        26,676,622   26,314,672   26,420,061   25,112,806   25,003,554   23,908,110   24,843,903   24,397,523   22,802,280   23,323,587   24,197,463   23,625,618   24,548,246
      Foreign official                        6,195,004    6,154,456    6,115,337    5,898,384    5,872,529    5,726,344    5,902,904    5,935,022    5,626,958    5,626,024    5,812,069    5,711,850    5,822,967
      Private                                20,481,618   20,160,216   20,304,724   19,214,422   19,131,025   18,181,766   18,940,999   18,462,501   17,175,322   17,697,563   18,385,394   17,913,768   18,725,279

Treasury bonds                                6,658,991    6,678,820    6,596,002    6,455,807    6,498,128    6,521,607    6,601,440    6,563,613    6,331,875    6,231,858    6,362,718    6,368,667    6,462,298
      Foreign official                        3,863,278    3,846,041    3,765,617    3,650,869    3,617,693    3,616,938    3,660,973    3,646,416    3,493,691    3,410,226    3,453,591    3,439,339    3,464,289
      Private                                 2,795,713    2,832,779    2,830,385    2,804,938    2,880,435    2,904,669    2,940,467    2,917,197    2,838,184    2,821,632    2,909,127    2,929,328    2,998,009

Agency bonds                                  1,229,812    1,195,549    1,165,102    1,177,368    1,221,148    1,193,068    1,226,180    1,233,181    1,163,686    1,209,846    1,296,062    1,280,450    1,323,187
      Foreign official                          631,011      635,908      636,707      633,173      657,039      650,413      671,443      651,225      625,815      621,338      672,754      668,807      685,653
      Of which: Asset-backed securities         616,772      621,236      620,626      617,843      641,425      635,427      657,092      636,401      610,926      606,251      622,477      618,550      634,804
      Private                                   598,801      559,641      528,395      544,195      564,109      542,655      554,737      581,956      537,871      588,508      623,308      611,643      637,534
      Of which: Asset-backed securities         560,980      524,977      495,229      504,683      520,262      509,501      516,688      534,868      500,171      545,363      563,713      547,684      567,027

Corporate bonds                               4,511,648    4,438,767    4,395,847    4,216,614    4,197,921    4,041,819    4,091,155    4,067,829    3,815,264    3,780,609    3,935,480    3,959,376    4,069,701
      Foreign official                          166,298      164,528      163,293      159,791      160,600      159,722      165,055      177,623      165,949      163,323      172,016      170,809      176,264
      Of which: Asset-backed securities          23,934       23,545       23,700       23,741       25,000       25,875       26,376       27,699       27,103       26,502       26,756       25,547       25,270
      Of which: type of U.S. issuer
            Depository inst.                     10,944       11,036       11,153       10,883       11,203        8,990        9,725       10,790       10,617       10,861       10,320       10,171       11,417
            Other fin. org.                      68,845       67,858       66,892       65,374       66,385       69,442       69,238       75,001       71,293       69,671       75,647       74,316       75,315
            Non-fin org.                         83,769       82,894       82,474       80,749       80,436       78,439       83,051       88,755       81,293       80,119       83,098       83,177       86,315
            State and local                       2,703        2,698        2,722        2,742        2,540        2,806        2,987        3,027        2,695        2,618        2,911        3,052        3,133

      Private                                 4,345,350    4,274,239    4,232,554    4,056,823    4,037,321    3,882,097    3,926,100    3,890,206    3,649,315    3,617,286    3,763,464    3,788,567    3,893,437
      Of which: Asset-backed securities         316,529      317,346      323,482      325,471      325,404      343,845      338,615      333,883      319,366      294,862      317,765      311,588      306,519
      Of which: type of U.S. issuer
            Depository inst.                    243,790      246,051      249,860      244,218      244,778      216,135      232,045      223,397      218,212      213,422      197,725      197,960      206,630
            Other fin. org.                   1,361,529    1,343,622    1,331,110    1,284,944    1,282,878    1,253,831    1,207,864    1,229,537    1,168,109    1,147,885    1,240,387    1,253,290    1,305,661
            Non-fin org.                      2,625,651    2,575,940    2,546,932    2,428,232    2,414,084    2,315,740    2,386,480    2,340,376    2,171,349    2,164,603    2,190,016    2,198,473    2,242,697
            State and local                     112,295      106,283      102,371       97,089       93,213       92,545       95,447       92,540       86,621       81,619       81,060       80,027       81,217

Corporate stocks                             14,276,171   14,001,536   14,263,110   13,263,017   13,086,357   12,151,616   12,925,128   12,532,900   11,491,455   12,101,274   12,603,203   12,017,125   12,693,060
      Foreign official                        1,534,417    1,507,979    1,549,720    1,454,551    1,437,197    1,299,271    1,405,433    1,459,758    1,341,503    1,431,137    1,513,708    1,432,895    1,496,761
      Of which: Fund shares                     201,623      202,904      208,589      208,037      203,257      192,526      198,407      208,035      198,854      207,631      200,712      194,069      193,829
      Of which: type of U.S. issuer
            Depository inst.                     19,327       19,278       17,295       15,310       16,307        5,349        6,456        6,765        6,180        6,453       13,326       11,512       11,120
            Other fin. org.                     411,891      408,944      416,837      406,354      406,210      387,485      394,516      409,694      391,553      421,496      436,542      428,359      433,796
            Non-fin org.                      1,101,963    1,078,466    1,111,066    1,029,939    1,011,769      903,689    1,000,684    1,039,568      940,014      999,090    1,052,913      982,459    1,045,592

      Private                                12,741,754   12,493,557   12,713,390   11,808,466   11,649,160   10,852,345   11,519,695   11,073,142   10,149,952   10,670,137   11,089,495   10,584,230   11,196,299
      Of which: Fund shares                   2,306,786    2,303,316    2,335,219    2,307,527    2,275,257    2,191,407    2,218,939    2,177,381    2,054,416    2,126,919    2,121,752    2,069,056    2,111,544
      Of which: type of U.S. issuer
            Depository inst.                    254,769      250,994      243,524      219,463      228,000      168,528      181,000      183,396      186,473      180,502      248,970      231,693      257,958
            Other fin. org.                   3,837,427    3,813,008    3,840,315    3,630,019    3,617,002    3,540,830    3,588,664    3,485,791    3,292,214    3,479,753    3,602,749    3,458,135    3,666,325
            Non-fin org.                      8,608,561    8,401,632    8,600,514    7,909,489    7,758,451    7,125,042    7,728,526    7,383,695    6,651,726    6,989,790    7,170,135    6,813,323    7,203,336



