


Table A12.  Maturity Structure of Foreign-Held U.S. Long-Term Debt, as
of June 30, 2022
 Millions of dollars, parts may not sum to total as some bonds have unknown maturities.


                                                   June                     June                     June                     June                     June                     June                     June
                                                   2016                     2017                     2018                     2019                     2020                     2021                     2022

Total                                                10044455                 10291629                 10281629                 10991368                 11558608                 12407260                 11591332
   1 year or less                                     1214631                  1001749                   874627                  1061384                   975488                  1016439                  1000700
   1 to 2 years                                       1249475                  1266709                  1299466                  1300601                  1300539                  1281832                  1315275
   2 to 3 years                                        959648                  1147542                  1147984                  1125074                  1104093                  1212459                  1118716
   3 to 4 years                                        856248                   945091                   963760                   971271                   987387                  1106197                   999730
   4 to 5 years                                        920085                   948867                   951277                   943160                  1118570                  1134974                   991083
   5 to 6 years                                        664894                   683485                   646092                   742523                   756642                   744409                   756459
   6 to 7 years                                        647466                   614292                   650716                   678825                   688393                   806099                   797958
   7 to 8 years                                        405551                   443776                   430920                   473208                   445445                   524684                   460204
   8 to 9 years                                        404750                   397934                   411628                   390475                   431005                   460948                   482369
   9 to 10 years                                       392215                   393373                   334345                   405461                   468306                   534464                   451186
   10 to 15 years                                      278149                   275774                   265979                   268831                   318997                   356517                   356017
   15 to 20 years                                      256738                   321667                   357849                   378771                   453838                   605957                   586641
   20 to 25 years                                      497117                   494837                   526223                   636570                   726895                   681749                   573007
   25 to 30 years                                     1151330                  1213751                  1261083                  1443689                  1598668                  1721935                  1512255
   30+ years                                           122732                   117003                   119027                   128430                   167693                   197669                   169503

Total FOI                                             4379694                  4259968                  4385782                  4678973                  4649079                  4759428                  4409100
   1 year or less                                      661548                   483439                   408826                   511620                   448412                   486976                   461012
   1 to 2 years                                        668999                   704490                   732516                   689495                   702101                   594754                   613863
   2 to 3 years                                        517004                   627433                   617013                   593020                   520781                   644677                   488342
   3 to 4 years                                        444097                   459534                   463923                   437778                   495182                   515489                   407814
   4 to 5 years                                        411100                   414474                   416811                   464154                   502122                   488818                   383006
   5 to 6 years                                        334613                   300306                   287304                   327350                   332810                   258318                   314497
   6 to 7 years                                        289813                   278863                   272812                   304416                   245645                   325915                   329372
   7 to 8 years                                        171555                   151898                   142950                   144936                   153616                   144671                   130536
   8 to 9 years                                        155296                   139579                   129209                   151752                   147223                   119169                   180578
   9 to 10 years                                       121697                   102915                   115542                   141607                   125844                   184614                   173871
   10 to 15 years                                       53761                    39690                    32544                    26840                    26012                    28352                    31337
   15 to 20 years                                       21709                    25604                    35790                    38344                    55989                   141986                   177338
   20 to 25 years                                      168575                   189557                   227180                   280542                   307826                   234062                   173858
   25 to 30 years                                      428924                   402362                   543358                   603449                   632453                   636037                   606840
   30+ years                                             8096                     7028                     6741                     8926                    13412                    16157                     9280

Total Private                                         5664761                  6031660                  5895847                  6312395                  6909529                  7647833                  7182232
   1 year or less                                      553084                   518310                   465801                   549764                   527077                   529463                   539688
   1 to 2 years                                        580476                   562220                   566950                   611106                   598438                   687079                   701412
   2 to 3 years                                        442644                   520109                   530972                   532054                   583312                   567782                   630375
   3 to 4 years                                        412150                   485557                   499837                   533493                   492204                   590708                   591916
   4 to 5 years                                        508985                   534394                   534466                   479007                   616448                   646156                   608077
   5 to 6 years                                        330281                   383179                   358788                   415173                   423833                   486091                   441962
   6 to 7 years                                        357653                   335429                   377904                   374409                   442748                   480184                   468585
   7 to 8 years                                        233996                   291878                   287970                   328273                   291828                   380012                   329668
   8 to 9 years                                        249454                   258355                   282418                   238723                   283782                   341780                   301791
   9 to 10 years                                       270518                   290458                   218803                   263854                   342462                   349850                   277314
   10 to 15 years                                      224389                   236085                   233435                   241991                   292985                   328165                   324680
   15 to 20 years                                      235028                   296063                   322059                   340426                   397849                   463972                   409303
   20 to 25 years                                      328542                   305280                   299043                   356028                   419069                   447687                   399149
   25 to 30 years                                      722406                   811389                   717725                   840240                   966215                  1085897                   905415
   30+ years                                           114636                   109975                   112286                   119503                   154281                   181512                   160223






Table A12.  Maturity Structure of Foreign-Held U.S. Long-Term Debt, as
of June 30, 2022
 Millions of dollars, parts may not sum to total as some bonds have unknown maturities.


                                                   June                     June                     June                     June                     June                     June                     June
                                                   2016                     2017                     2018                     2019                     2020                     2021                     2022

U.S. Treasuries                                       5584909                  5467555                  5466965                  5903163                  6005341                  6574107                  6481669
   1 year or less                                      937456                   708328                   635955                   783058                   714992                   760253                   767756
   1 to 2 years                                        889566                   966114                   977509                   965902                   977382                   967442                  1028470
   2 to 3 years                                        645667                   774905                   783486                   750306                   737150                   897915                   757889
   3 to 4 years                                        547948                   592902                   595503                   598017                   666937                   696412                   628514
   4 to 5 years                                        563099                   559670                   567461                   616492                   690880                   706843                   620416
   5 to 6 years                                        420708                   375045                   382022                   447197                   444577                   381395                   470352
   6 to 7 years                                        383251                   373793                   375340                   410951                   363034                   502030                   529243
   7 to 8 years                                        236966                   219846                   205717                   213538                   223490                   243218                   201578
   8 to 9 years                                        238979                   215143                   202923                   230703                   244918                   191922                   308242
   9 to 10 years                                       216835                   181909                   187599                   244377                   209594                   325334                   302024
   10 to 15 years                                       78973                    61767                    46207                    22320                    12828                    18406                    23704
   15 to 20 years                                       14746                    16967                    27474                    36646                    68198                   219868                   293839
   20 to 25 years                                      133288                   165098                   181651                   258135                   298498                   273001                   207459
   25 to 30 years                                      276615                   256038                   279841                   301848                   352827                   390051                   342163
   30+ years                                                0                        0                        0                        0                        0                        0                        0

U.S. Treasuries FOI                                   3761296                  3662609                  3650929                  3852190                  3762958                  3940118                  3606799
   1 year or less                                      625210                   451401                   385151                   481786                   427987                   470713                   449351
   1 to 2 years                                        626889                   677703                   704124                   665996                   677397                   578884                   594275
   2 to 3 years                                        490771                   597309                   594896                   564943                   498965                   623725                   464997
   3 to 4 years                                        422280                   441514                   444311                   419588                   477295                   495741                   388814
   4 to 5 years                                        391489                   391749                   398152                   446245                   475538                   469454                   363706
   5 to 6 years                                        318813                   285368                   275395                   313151                   317278                   241808                   299914
   6 to 7 years                                        275705                   265970                   259919                   292001                   228983                   312143                   317694
   7 to 8 years                                        160564                   140455                   133306                   133351                   142748                   133688                   116612
   8 to 9 years                                        143194                   129060                   119333                   143259                   136335                   104364                   170741
   9 to 10 years                                       108675                    89451                   105891                   131609                   106702                   172075                   163962
   10 to 15 years                                       35978                    25291                    19747                     8506                     2136                     2570                     4362
   15 to 20 years                                        2656                     4977                    12373                    13133                    23331                   107066                   141745
   20 to 25 years                                       89410                   116122                   117439                   157614                   163988                   120926                    72617
   25 to 30 years                                      125653                    93651                   109539                   109836                   129509                   149116                   107207
   30+ years                                                0                        0                        0                        0                        0                        0                        0

U.S. Treasuries Private                               1823613                  1804946                  1816036                  2050972                  2242383                  2633989                  2874870
   1 year or less                                      312246                   256927                   250804                   301272                   287005                   289539                   318405
   1 to 2 years                                        262677                   288411                   273386                   299905                   299985                   388558                   434195
   2 to 3 years                                        154896                   177597                   188590                   185362                   238185                   274190                   292891
   3 to 4 years                                        125669                   151388                   151192                   178428                   189642                   200671                   239700
   4 to 5 years                                        171610                   167921                   169309                   170247                   215342                   237389                   256710
   5 to 6 years                                        101895                    89677                   106627                   134046                   127300                   139587                   170438
   6 to 7 years                                        107546                   107823                   115421                   118950                   134051                   189887                   211549
   7 to 8 years                                         76402                    79392                    72410                    80187                    80742                   109530                    84966
   8 to 9 years                                         95786                    86082                    83590                    87444                   108583                    87558                   137501
   9 to 10 years                                       108161                    92458                    81708                   112768                   102893                   153259                   138062
   10 to 15 years                                       42995                    36476                    26459                    13814                    10693                    15836                    19342
   15 to 20 years                                       12090                    11990                    15101                    23514                    44867                   112802                   152094
   20 to 25 years                                       43878                    48976                    64212                   100521                   134510                   152075                   134842
   25 to 30 years                                      150962                   162387                   170302                   192012                   223317                   240935                   234956
   30+ years                                                0                        0                        0                        0                        0                        0                        0






Table A12.  Maturity Structure of Foreign-Held U.S. Long-Term Debt, as
of June 30, 2022
 Millions of dollars, parts may not sum to total as some bonds have unknown maturities.


                                                   June                     June                     June                     June                     June                     June                     June
                                                   2016                     2017                     2018                     2019                     2020                     2021                     2022

Agencies                                               954325                   980212                  1024200                  1144971                  1222537                  1252339                  1193689
   1 year or less                                       38981                    26755                    15655                    20156                    11731                    13275                     9342
   1 to 2 years                                         45304                    20762                    22313                    13643                    16232                     9091                    10118
   2 to 3 years                                         13716                    18192                    12293                    13058                     7895                     9819                     9871
   3 to 4 years                                          8712                     6852                     9648                     4308                     4876                     7765                     8893
   4 to 5 years                                          7107                     9691                     5986                     4842                    11283                     9333                    10882
   5 to 6 years                                          5933                     4131                     3714                     7055                     4514                     8235                     7148
   6 to 7 years                                          4022                     4268                     7344                     3352                     7596                     6808                    11513
   7 to 8 years                                          4611                     8388                     3525                     4412                     5412                     8644                     8345
   8 to 9 years                                         10021                     4793                     5625                     6010                     9401                    11815                     8591
   9 to 10 years                                         6680                     8351                     5199                    10337                    11878                    10051                     9709
   10 to 15 years                                       36620                    43540                    40198                    41670                    37543                    41104                    39491
   15 to 20 years                                       29623                    33765                    33088                    33418                    40741                    51364                    54521
   20 to 25 years                                      130068                   133945                   171532                   180265                   195499                   157404                   151793
   25 to 30 years                                      602987                   643364                   672915                   782492                   830726                   869983                   829535
   30+ years                                             9715                    12287                    14363                    19952                    27209                    37629                    23897

Agencies FOI                                           445673                   426493                   578997                   658185                   686071                   648378                   649191
   1 year or less                                       24907                    14097                     7492                    10998                     4857                     7611                     3886
   1 to 2 years                                         26478                    10722                    12700                     5960                     9219                     4109                     6055
   2 to 3 years                                          7244                    10756                     4831                     8816                     4113                     4862                     3751
   3 to 4 years                                          4519                     2393                     4468                     1984                     1768                     2653                     3332
   4 to 5 years                                          3122                     4509                     2192                     1841                     5094                     3191                     2428
   5 to 6 years                                          1421                     1367                      800                     1230                      866                     1661                     1469
   6 to 7 years                                          1244                     1086                     1185                      937                     2345                     1584                     1959
   7 to 8 years                                          1483                     1433                      873                      988                     1511                     1491                     1879
   8 to 9 years                                          2098                     1212                     1122                     1014                     2005                     2255                     1642
   9 to 10 years                                         2256                     1607                      907                     1468                     2009                     1683                     2013
   10 to 15 years                                        8134                     8667                     7264                    11278                    14021                    16064                    17364
   15 to 20 years                                       11103                    13391                    15729                    17197                    21411                    24861                    26574
   20 to 25 years                                       70681                    66356                   104067                   117711                   137069                   106482                    96436
   25 to 30 years                                      287279                   294084                   421144                   478928                   480586                   469698                   486431
   30+ years                                             2275                     2152                     1960                     1854                     4159                     8183                     2844

Agencies Private                                       508653                   553719                   445203                   486786                   536467                   603961                   544497
   1 year or less                                       14074                    12658                     8163                     9158                     6874                     5664                     5455
   1 to 2 years                                         18827                    10040                     9614                     7683                     7014                     4983                     4063
   2 to 3 years                                          6472                     7437                     7462                     4241                     3782                     4957                     6121
   3 to 4 years                                          4194                     4459                     5180                     2323                     3108                     5112                     5561
   4 to 5 years                                          3985                     5182                     3795                     3000                     6189                     6142                     8454
   5 to 6 years                                          4512                     2764                     2914                     5825                     3648                     6574                     5678
   6 to 7 years                                          2777                     3181                     6159                     2415                     5251                     5224                     9554
   7 to 8 years                                          3127                     6954                     2652                     3424                     3901                     7153                     6465
   8 to 9 years                                          7923                     3581                     4503                     4996                     7397                     9560                     6949
   9 to 10 years                                         4423                     6744                     4292                     8869                     9869                     8368                     7695
   10 to 15 years                                       28486                    34872                    32934                    30393                    23523                    25040                    22126
   15 to 20 years                                       18521                    20374                    17359                    16222                    19330                    26503                    27947
   20 to 25 years                                       59386                    67589                    67466                    62554                    58430                    50922                    55358
   25 to 30 years                                      315707                   349280                   251771                   303563                   350139                   400285                   343104
   30+ years                                             7440                    10135                    12403                    18098                    23051                    29445                    21053






Table A12.  Maturity Structure of Foreign-Held U.S. Long-Term Debt, as
of June 30, 2022
 Millions of dollars, parts may not sum to total as some bonds have unknown maturities.


                                                   June                     June                     June                     June                     June                     June                     June
                                                   2016                     2017                     2018                     2019                     2020                     2021                     2022

Corporate                                             3505220                  3843861                  3790465                  3943234                  4330730                  4580814                  3915974
   1 year or less                                      238194                   266666                   223017                   258170                   248765                   242911                   223602
   1 to 2 years                                        314605                   279834                   299644                   321056                   306924                   305299                   276687
   2 to 3 years                                        300265                   354445                   352206                   361711                   359048                   304725                   350957
   3 to 4 years                                        299587                   345338                   358610                   368947                   315574                   402019                   362323
   4 to 5 years                                        349879                   379506                   377830                   321827                   416408                   418798                   359785
   5 to 6 years                                        238253                   304310                   260357                   288271                   307551                   354779                   278959
   6 to 7 years                                        260194                   236231                   268032                   264522                   317763                   297261                   257202
   7 to 8 years                                        163974                   215542                   221679                   255258                   216543                   272822                   250281
   8 to 9 years                                        155750                   177998                   203080                   153762                   176686                   257211                   165535
   9 to 10 years                                       168700                   203113                   141547                   150746                   246833                   199079                   139453
   10 to 15 years                                      162557                   170468                   179574                   204841                   268625                   297008                   292822
   15 to 20 years                                      212368                   270935                   297287                   308706                   344899                   334726                   238280
   20 to 25 years                                      233762                   195794                   173040                   198170                   232898                   251344                   213754
   25 to 30 years                                      271728                   314348                   308326                   359350                   415116                   461900                   340557
   30+ years                                           113018                   104716                   104663                   108478                   140484                   160040                   145606

Corporate FOI                                          172725                   170866                   155856                   168598                   200050                   170932                   153109
   1 year or less                                       11431                    17940                    16183                    18837                    15567                     8652                     7774
   1 to 2 years                                         15632                    16064                    15693                    17539                    15486                    11761                    13533
   2 to 3 years                                         18988                    19369                    17286                    19260                    17703                    16090                    19594
   3 to 4 years                                         17299                    15627                    15144                    16206                    16120                    17095                    15668
   4 to 5 years                                         16489                    18215                    16467                    16067                    21490                    16172                    16872
   5 to 6 years                                         14379                    13572                    11109                    12969                    14666                    14849                    13114
   6 to 7 years                                         12864                    11807                    11708                    11479                    14317                    12188                     9719
   7 to 8 years                                          9507                    10010                     8771                    10597                     9358                     9493                    12044
   8 to 9 years                                         10004                     9307                     8754                     7479                     8883                    12550                     8195
   9 to 10 years                                        10766                    11857                     8744                     8529                    17133                    10856                     7896
   10 to 15 years                                        9649                     5731                     5532                     7057                     9856                     9719                     9610
   15 to 20 years                                        7950                     7236                     7688                     8015                    11247                    10059                     9019
   20 to 25 years                                        8484                     7079                     5674                     5217                     6769                     6654                     4805
   25 to 30 years                                       15991                    14626                    12674                    14684                    22358                    17224                    13202
   30+ years                                             5822                     4875                     4781                     7072                     9254                     7974                     6436

Corporate Private                                     3332495                  3672995                  3634608                  3774637                  4130679                  4409882                  3762865
   1 year or less                                      226763                   248726                   206833                   239334                   233198                   234259                   215828
   1 to 2 years                                        298973                   263769                   283950                   303517                   291439                   293538                   263154
   2 to 3 years                                        281277                   335076                   334920                   342450                   341344                   288634                   331363
   3 to 4 years                                        282288                   329710                   343466                   352741                   299453                   384924                   346655
   4 to 5 years                                        333390                   361291                   361362                   305760                   394918                   402625                   342913
   5 to 6 years                                        223874                   290738                   249248                   275301                   292885                   339930                   265846
   6 to 7 years                                        247330                   224424                   256324                   253043                   303446                   285073                   247482
   7 to 8 years                                        154467                   205532                   212907                   244662                   207185                   263330                   238237
   8 to 9 years                                        145745                   168691                   194326                   146283                   167803                   244662                   157341
   9 to 10 years                                       157934                   191256                   132803                   142217                   229700                   188223                   131557
   10 to 15 years                                      152907                   164737                   174041                   197784                   258769                   287289                   283212
   15 to 20 years                                      204418                   263699                   289599                   300691                   333652                   324666                   229261
   20 to 25 years                                      225278                   188715                   167366                   192953                   226129                   244690                   208949
   25 to 30 years                                      255737                   299722                   295652                   344665                   392758                   444677                   327355
   30+ years                                           107196                    99840                    99882                   101405                   131230                   152067                   139170



