


Table A12.  Maturity Structure of Foreign-Held U.S. Long-Term Debt, as
of June 30, 2024
 Millions of dollars, parts may not sum to total as some bonds have unknown maturities.


                                                   June             June             June             June             June             June             June
                                                   2018             2019             2020             2021             2022             2023             2024

Total                                                10281629         10991368         11558608         12407260         11591332         11967296         12688019
   1 year or less                                      874627          1061384           975488          1016439          1000700          1116992          1192871
   1 to 2 years                                       1299466          1300601          1300539          1281832          1315275          1376209          1476424
   2 to 3 years                                       1147984          1125074          1104093          1212459          1118716          1213194          1259077
   3 to 4 years                                        963760           971271           987387          1106197           999730           997447          1156585
   4 to 5 years                                        951277           943160          1118570          1134974           991083          1117579          1243614
   5 to 6 years                                        646092           742523           756642           744409           756459           813834           703991
   6 to 7 years                                        650716           678825           688393           806099           797958           632868           664280
   7 to 8 years                                        430920           473208           445445           524684           460204           454496           494790
   8 to 9 years                                        411628           390475           431005           460948           482369           455314           469403
   9 to 10 years                                       334345           405461           468306           534464           451186           431164           494026
   10 to 15 years                                      265979           268831           318997           356517           356017           392452           406262
   15 to 20 years                                      357849           378771           453838           605957           586641           658508           748457
   20 to 25 years                                      526223           636570           726895           681749           573007           562542           583917
   25 to 30 years                                     1261083          1443689          1598668          1721935          1512255          1552490          1583060
   30+ years                                           119027           128430           167693           197669           169503           176312           168493

Total FOI                                             4385782          4678973          4649079          4759428          4409100          4368208          4359398
   1 year or less                                      408826           511620           448412           486976           461012           472979           472279
   1 to 2 years                                        732516           689495           702101           594754           613863           594892           609383
   2 to 3 years                                        617013           593020           520781           644677           488342           515389           499765
   3 to 4 years                                        463923           437778           495182           515489           407814           386068           451496
   4 to 5 years                                        416811           464154           502122           488818           383006           440210           464653
   5 to 6 years                                        287304           327350           332810           258318           314497           322799           217550
   6 to 7 years                                        272812           304416           245645           325915           329372           195847           252334
   7 to 8 years                                        142950           144936           153616           144671           130536           172915           191569
   8 to 9 years                                        129209           151752           147223           119169           180578           191801           181823
   9 to 10 years                                       115542           141607           125844           184614           173871           152148           165929
   10 to 15 years                                       32544            26840            26012            28352            31337            37108            42513
   15 to 20 years                                       35790            38344            55989           141986           177338           201505           215621
   20 to 25 years                                      227180           280542           307826           234062           173858           166178           155128
   25 to 30 years                                      543358           603449           632453           636037           606840           599939           526253
   30+ years                                             6741             8926            13412            16157             9280             8288             8171

Total Private                                         5895847          6312395          6909529          7647833          7182232          7599088          8328621
   1 year or less                                      465801           549764           527077           529463           539688           644014           720592
   1 to 2 years                                        566950           611106           598438           687079           701412           781318           867042
   2 to 3 years                                        530972           532054           583312           567782           630375           697805           759312
   3 to 4 years                                        499837           533493           492204           590708           591916           611379           705090
   4 to 5 years                                        534466           479007           616448           646156           608077           677369           778961
   5 to 6 years                                        358788           415173           423833           486091           441962           491035           486441
   6 to 7 years                                        377904           374409           442748           480184           468585           437021           411945
   7 to 8 years                                        287970           328273           291828           380012           329668           281582           303222
   8 to 9 years                                        282418           238723           283782           341780           301791           263513           287581
   9 to 10 years                                       218803           263854           342462           349850           277314           279016           328097
   10 to 15 years                                      233435           241991           292985           328165           324680           355344           363749
   15 to 20 years                                      322059           340426           397849           463972           409303           457003           532836
   20 to 25 years                                      299043           356028           419069           447687           399149           396364           428789
   25 to 30 years                                      717725           840240           966215          1085897           905415           952550          1056807
   30+ years                                           112286           119503           154281           181512           160223           168024           160322






Table A12.  Maturity Structure of Foreign-Held U.S. Long-Term Debt, as
of June 30, 2024
 Millions of dollars, parts may not sum to total as some bonds have unknown maturities.


                                                   June             June             June             June             June             June             June
                                                   2018             2019             2020             2021             2022             2023             2024

U.S. Treasuries                                       5466965          5903163          6005341          6574107          6481669          6638763          7110504
   1 year or less                                      635955           783058           714992           760253           767756           863685           895227
   1 to 2 years                                        977509           965902           977382           967442          1028470          1018223          1081828
   2 to 3 years                                        783486           750306           737150           897915           757889           808610           828568
   3 to 4 years                                        595503           598017           666937           696412           628514           616076           742398
   4 to 5 years                                        567461           616492           690880           706843           620416           735836           803767
   5 to 6 years                                        382022           447197           444577           381395           470352           506650           365742
   6 to 7 years                                        375340           410951           363034           502030           529243           334208           421989
   7 to 8 years                                        205717           213538           223490           243218           201578           261511           312122
   8 to 9 years                                        202923           230703           244918           191922           308242           298731           307737
   9 to 10 years                                       187599           244377           209594           325334           302024           278725           309887
   10 to 15 years                                       46207            22320            12828            18406            23704            24303            31807
   15 to 20 years                                       27474            36646            68198           219868           293839           369391           454660
   20 to 25 years                                      181651           258135           298498           273001           207459           198909           198269
   25 to 30 years                                      279841           301848           352827           390051           342163           323247           330203
   30+ years                                                0                0                0                0                0                0                0

U.S. Treasuries FOI                                   3650929          3852190          3762958          3940118          3606799          3543978          3557321
   1 year or less                                      385151           481786           427987           470713           449351           458033           452933
   1 to 2 years                                        704124           665996           677397           578884           594275           570120           583645
   2 to 3 years                                        594896           564943           498965           623725           464997           491804           473668
   3 to 4 years                                        444311           419588           477295           495741           388814           366550           427168
   4 to 5 years                                        398152           446245           475538           469454           363706           420839           439412
   5 to 6 years                                        275395           313151           317278           241808           299914           308286           196534
   6 to 7 years                                        259919           292001           228983           312143           317694           179927           237261
   7 to 8 years                                        133306           133351           142748           133688           116612           161928           180633
   8 to 9 years                                        119333           143259           136335           104364           170741           181981           171086
   9 to 10 years                                       105891           131609           106702           172075           163962           141357           149224
   10 to 15 years                                       19747             8506             2136             2570             4362             5947             7584
   15 to 20 years                                       12373            13133            23331           107066           141745           158506           168583
   20 to 25 years                                      117439           157614           163988           120926            72617            69130            60848
   25 to 30 years                                      109539           109836           129509           149116           107207            92080            69882
   30+ years                                                0                0                0                0                0                0                0

U.S. Treasuries Private                               1816036          2050972          2242383          2633989          2874870          3094784          3553183
   1 year or less                                      250804           301272           287005           289539           318405           405652           442294
   1 to 2 years                                        273386           299905           299985           388558           434195           448104           498184
   2 to 3 years                                        188590           185362           238185           274190           292891           316806           354900
   3 to 4 years                                        151192           178428           189642           200671           239700           249526           315230
   4 to 5 years                                        169309           170247           215342           237389           256710           314997           364354
   5 to 6 years                                        106627           134046           127300           139587           170438           198364           169208
   6 to 7 years                                        115421           118950           134051           189887           211549           154281           184727
   7 to 8 years                                         72410            80187            80742           109530            84966            99583           131489
   8 to 9 years                                         83590            87444           108583            87558           137501           116750           136651
   9 to 10 years                                        81708           112768           102893           153259           138062           137369           160663
   10 to 15 years                                       26459            13814            10693            15836            19342            18356            24223
   15 to 20 years                                       15101            23514            44867           112802           152094           210885           286077
   20 to 25 years                                       64212           100521           134510           152075           134842           129779           137421
   25 to 30 years                                      170302           192012           223317           240935           234956           231167           260321
   30+ years                                                0                0                0                0                0                0                0






Table A12.  Maturity Structure of Foreign-Held U.S. Long-Term Debt, as
of June 30, 2024
 Millions of dollars, parts may not sum to total as some bonds have unknown maturities.


                                                   June             June             June             June             June             June             June
                                                   2018             2019             2020             2021             2022             2023             2024

Agencies                                              1024200          1144971          1222537          1252339          1193689          1269623          1330019
   1 year or less                                       15655            20156            11731            13275             9342            14771            12986
   1 to 2 years                                         22313            13643            16232             9091            10118            14609            11688
   2 to 3 years                                         12293            13058             7895             9819             9871            10408             9156
   3 to 4 years                                          9648             4308             4876             7765             8893             8247             6593
   4 to 5 years                                          5986             4842            11283             9333            10882             6102            11366
   5 to 6 years                                          3714             7055             4514             8235             7148             7370             6266
   6 to 7 years                                          7344             3352             7596             6808            11513             7719             7310
   7 to 8 years                                          3525             4412             5412             8644             8345             6428             8583
   8 to 9 years                                          5625             6010             9401            11815             8591            10021            10556
   9 to 10 years                                         5199            10337            11878            10051             9709            11071             9161
   10 to 15 years                                       40198            41670            37543            41104            39491            37180            36300
   15 to 20 years                                       33088            33418            40741            51364            54521            62238            80937
   20 to 25 years                                      171532           180265           195499           157404           151793           141120           150160
   25 to 30 years                                      672915           782492           830726           869983           829535           910182           946182
   30+ years                                            14363            19952            27209            37629            23897            22147            22761

Agencies FOI                                           578997           658185           686071           648378           649191           656711           592230
   1 year or less                                        7492            10998             4857             7611             3886             4744             5185
   1 to 2 years                                         12700             5960             9219             4109             6055             7401             4787
   2 to 3 years                                          4831             8816             4113             4862             3751             4157             1901
   3 to 4 years                                          4468             1984             1768             2653             3332             1921             1331
   4 to 5 years                                          2192             1841             5094             3191             2428             1469             1809
   5 to 6 years                                           800             1230              866             1661             1469             1880             1363
   6 to 7 years                                          1185              937             2345             1584             1959             1943              887
   7 to 8 years                                           873              988             1511             1491             1879             1287              931
   8 to 9 years                                          1122             1014             2005             2255             1642             2540             1125
   9 to 10 years                                          907             1468             2009             1683             2013             1531             1545
   10 to 15 years                                        7264            11278            14021            16064            17364            17894            17335
   15 to 20 years                                       15729            17197            21411            24861            26574            32488            38829
   20 to 25 years                                      104067           117711           137069           106482            96436            91517            88060
   25 to 30 years                                      421144           478928           480586           469698           486431           494155           438156
   30+ years                                             1960             1854             4159             8183             2844             2618             1751

Agencies Private                                       445203           486786           536467           603961           544497           612912           737790
   1 year or less                                        8163             9158             6874             5664             5455            10027             7801
   1 to 2 years                                          9614             7683             7014             4983             4063             7208             6901
   2 to 3 years                                          7462             4241             3782             4957             6121             6250             7256
   3 to 4 years                                          5180             2323             3108             5112             5561             6326             5262
   4 to 5 years                                          3795             3000             6189             6142             8454             4633             9557
   5 to 6 years                                          2914             5825             3648             6574             5678             5490             4903
   6 to 7 years                                          6159             2415             5251             5224             9554             5777             6423
   7 to 8 years                                          2652             3424             3901             7153             6465             5141             7652
   8 to 9 years                                          4503             4996             7397             9560             6949             7481             9431
   9 to 10 years                                         4292             8869             9869             8368             7695             9540             7616
   10 to 15 years                                       32934            30393            23523            25040            22126            19285            18965
   15 to 20 years                                       17359            16222            19330            26503            27947            29750            42107
   20 to 25 years                                       67466            62554            58430            50922            55358            49603            62100
   25 to 30 years                                      251771           303563           350139           400285           343104           416027           508026
   30+ years                                            12403            18098            23051            29445            21053            19528            21010






Table A12.  Maturity Structure of Foreign-Held U.S. Long-Term Debt, as
of June 30, 2024
 Millions of dollars, parts may not sum to total as some bonds have unknown maturities.


                                                   June             June             June             June             June             June             June
                                                   2018             2019             2020             2021             2022             2023             2024

Corporate                                             3790465          3943234          4330730          4580814          3915974          4058910          4247496
   1 year or less                                      223017           258170           248765           242911           223602           238536           284659
   1 to 2 years                                        299644           321056           306924           305299           276687           343377           382908
   2 to 3 years                                        352206           361711           359048           304725           350957           394176           421353
   3 to 4 years                                        358610           368947           315574           402019           362323           373124           407594
   4 to 5 years                                        377830           321827           416408           418798           359785           375641           428481
   5 to 6 years                                        260357           288271           307551           354779           278959           299815           331983
   6 to 7 years                                        268032           264522           317763           297261           257202           290941           234981
   7 to 8 years                                        221679           255258           216543           272822           250281           186557           174086
   8 to 9 years                                        203080           153762           176686           257211           165535           146561           151110
   9 to 10 years                                       141547           150746           246833           199079           139453           141368           174977
   10 to 15 years                                      179574           204841           268625           297008           292822           330969           338155
   15 to 20 years                                      297287           308706           344899           334726           238280           226879           212861
   20 to 25 years                                      173040           198170           232898           251344           213754           222514           235488
   25 to 30 years                                      308326           359350           415116           461900           340557           319061           306675
   30+ years                                           104663           108478           140484           160040           145606           154165           145732

Corporate FOI                                          155856           168598           200050           170932           153109           167519           209848
   1 year or less                                       16183            18837            15567             8652             7774            10202            14162
   1 to 2 years                                         15693            17539            15486            11761            13533            17371            20951
   2 to 3 years                                         17286            19260            17703            16090            19594            19427            24197
   3 to 4 years                                         15144            16206            16120            17095            15668            17596            22996
   4 to 5 years                                         16467            16067            21490            16172            16872            17902            23432
   5 to 6 years                                         11109            12969            14666            14849            13114            12633            19653
   6 to 7 years                                         11708            11479            14317            12188             9719            13978            14186
   7 to 8 years                                          8771            10597             9358             9493            12044             9699            10005
   8 to 9 years                                          8754             7479             8883            12550             8195             7279             9612
   9 to 10 years                                         8744             8529            17133            10856             7896             9261            15160
   10 to 15 years                                        5532             7057             9856             9719             9610            13267            17593
   15 to 20 years                                        7688             8015            11247            10059             9019            10511             8209
   20 to 25 years                                        5674             5217             6769             6654             4805             5531             6221
   25 to 30 years                                       12674            14684            22358            17224            13202            13704            18215
   30+ years                                             4781             7072             9254             7974             6436             5670             6419

Corporate Private                                     3634608          3774637          4130679          4409882          3762865          3891391          4037649
   1 year or less                                      206833           239334           233198           234259           215828           228335           270497
   1 to 2 years                                        283950           303517           291439           293538           263154           326006           361957
   2 to 3 years                                        334920           342450           341344           288634           331363           374749           397157
   3 to 4 years                                        343466           352741           299453           384924           346655           355528           384598
   4 to 5 years                                        361362           305760           394918           402625           342913           357739           405050
   5 to 6 years                                        249248           275301           292885           339930           265846           287182           312330
   6 to 7 years                                        256324           253043           303446           285073           247482           276963           220795
   7 to 8 years                                        212907           244662           207185           263330           238237           176858           164081
   8 to 9 years                                        194326           146283           167803           244662           157341           139282           141498
   9 to 10 years                                       132803           142217           229700           188223           131557           132107           159818
   10 to 15 years                                      174041           197784           258769           287289           283212           317702           320561
   15 to 20 years                                      289599           300691           333652           324666           229261           216368           204652
   20 to 25 years                                      167366           192953           226129           244690           208949           216983           229268
   25 to 30 years                                      295652           344665           392758           444677           327355           305356           288460
   30+ years                                            99882           101405           131230           152067           139170           148496           139313



